0.3368 0.9254 0.1736
0.6330 0.7544 0.1736
0.8529 0.4924 0.1736
0.9698 0.1710 0.1736
0.9698 -0.1710 0.1736
0.8529 -0.4924 0.1736
0.6330 -0.7544 0.1736
0.3368 -0.9254 0.1736
0.0000 -0.9848 0.1736
-0.3368 -0.9254 0.1736
-0.6330 -0.7544 0.1736
-0.8529 -0.4924 0.1736
-0.9698 -0.1710 0.1736
-0.9698 0.1710 0.1736
-0.8529 0.4924 0.1736
-0.6330 0.7544 0.1736
-0.3368 0.9254 0.1736
-0.0000 0.9848 0.1736
0.4330 0.7500 0.5000
0.7500 0.4330 0.5000
0.8660 0.0000 0.5000
0.7500 -0.4330 0.5000
0.4330 -0.7500 0.5000
0.0000 -0.8660 0.5000
-0.4330 -0.7500 0.5000
-0.7500 -0.4330 0.5000
-0.8660 -0.0000 0.5000
-0.7500 0.4330 0.5000
-0.4330 0.7500 0.5000
-0.0000 0.8660 0.5000
0.3778 0.5200 0.7660
0.6113 0.1986 0.7660
0.6113 -0.1986 0.7660
0.3778 -0.5200 0.7660
0.0000 -0.6428 0.7660
-0.3778 -0.5200 0.7660
-0.6113 -0.1986 0.7660
-0.6113 0.1986 0.7660
-0.3778 0.5200 0.7660
-0.0000 0.6428 0.7660
0.2418 0.2418 0.9397
0.3420 0.0000 0.9397
0.2418 -0.2418 0.9397
0.0000 -0.3420 0.9397
-0.2418 -0.2418 0.9397
-0.3420 -0.0000 0.9397
-0.2418 0.2418 0.9397
-0.0000 0.3420 0.9397
0.0000 0.0000 1.0000
0.6645 0.6645 0.3420
0.9397 0.0000 0.3420
0.6645 -0.6645 0.3420
0.0000 -0.9397 0.3420
-0.6645 -0.6645 0.3420
-0.9397 -0.0000 0.3420
-0.6645 0.6645 0.3420
-0.0000 0.9397 0.3420
0.2932 0.7077 0.6428
0.7077 0.2932 0.6428
0.7077 -0.2932 0.6428
0.2932 -0.7077 0.6428
-0.2932 -0.7077 0.6428
-0.7077 -0.2932 0.6428
-0.7077 0.2932 0.6428
-0.2932 0.7077 0.6428
0.3536 0.3536 0.8660
0.5000 0.0000 0.8660
0.3536 -0.3536 0.8660
0.0000 -0.5000 0.8660
-0.3536 -0.3536 0.8660
-0.5000 -0.0000 0.8660
-0.3536 0.3536 0.8660
-0.0000 0.5000 0.8660
0.1228 -0.1228 0.9848
-0.1228 -0.1228 0.9848
-0.1228 0.1228 0.9848
0.1228 0.1228 0.9848
